Total:	210
POS:	117
NEG:	93
Percent of Positive View:	0.5571428571428572
Percent of Negative View:	0.44285714285714284
