Total:	507
POS:	421
NEG:	86
Percent of Positive View:	0.8303747534516766
Percent of Negative View:	0.16962524654832345
