Total:	1062
POS:	584
NEG:	478
Percent of Positive View:	0.5499058380414312
Percent of Negative View:	0.4500941619585688
