Total:	3946
POS:	2978
NEG:	968
Percent of Positive View:	0.7546882919412062
Percent of Negative View:	0.24531170805879376
