Total:	123
POS:	94
NEG:	29
Percent of Positive View:	0.7642276422764228
Percent of Negative View:	0.2357723577235772
