Total:	4439
POS:	2353
NEG:	2086
Percent of Positive View:	0.530074341067808
Percent of Negative View:	0.46992565893219196
