Total:	2333
POS:	1611
NEG:	722
Percent of Positive View:	0.6905272181740248
Percent of Negative View:	0.30947278182597515
