Total:	168
POS:	122
NEG:	46
Percent of Positive View:	0.7261904761904762
Percent of Negative View:	0.27380952380952384
