Total:	7444
POS:	3711
NEG:	3733
Percent of Positive View:	0.49852229983879637
Percent of Negative View:	0.5014777001612036
