Total:	456
POS:	212
NEG:	244
Percent of Positive View:	0.4649122807017544
Percent of Negative View:	0.5350877192982456
