Total:	1762
POS:	1181
NEG:	581
Percent of Positive View:	0.6702610669693531
Percent of Negative View:	0.32973893303064694
