Total:	315
POS:	183
NEG:	132
Percent of Positive View:	0.580952380952381
Percent of Negative View:	0.419047619047619
