Total:	158
POS:	86
NEG:	72
Percent of Positive View:	0.5443037974683544
Percent of Negative View:	0.45569620253164556
