Total:	922
POS:	713
NEG:	209
Percent of Positive View:	0.7733188720173536
Percent of Negative View:	0.2266811279826464
